<!DOCTYPE HTML>
<html lang="zh-CN">


<head>
    <meta charset="utf-8">
    <meta name="keywords" content="RL实践1——值迭代求解随机策略, BUAA ">
    <meta name="baidu-site-verification" content="7VRrwBpvaq" />
    <meta name="description" content="BUAA | 张小跳">
    <meta http-equiv="X-UA-Compatible" content="IE=edge">
    <meta name="viewport" content="width=device-width, initial-scale=1.0, user-scalable=no">
    <meta name="renderer" content="webkit|ie-stand|ie-comp">
    <meta name="mobile-web-app-capable" content="yes">
    <meta name="format-detection" content="telephone=no">
    <meta name="apple-mobile-web-app-capable" content="yes">
    <meta name="apple-mobile-web-app-status-bar-style" content="black-translucent">
    <!-- Global site tag (gtag.js) - Google Analytics -->

<script async src="https://www.googletagmanager.com/gtag/js?id=UA-174552769-1"></script>
<script>
    window.dataLayer = window.dataLayer || [];
    function gtag() {
        dataLayer.push(arguments);
    }

    gtag('js', new Date());
    gtag('config', 'UA-174552769-1');
</script>


    <title>RL实践1——值迭代求解随机策略 | Tolshao</title>
    <link rel="icon" type="image/png" href="/favicon.png">

    <link rel="stylesheet" type="text/css" href="/libs/awesome/css/all.css">
    <link rel="stylesheet" type="text/css" href="/libs/materialize/materialize.min.css">
    <link rel="stylesheet" type="text/css" href="/libs/aos/aos.css">
    <link rel="stylesheet" type="text/css" href="/libs/animate/animate.min.css">
    <link rel="stylesheet" type="text/css" href="/libs/lightGallery/css/lightgallery.min.css">
    <link rel="stylesheet" type="text/css" href="/css/matery.css">
    <link rel="stylesheet" type="text/css" href="/css/my.css">

    <script src="/libs/jquery/jquery.min.js"></script>

<meta name="generator" content="Hexo 5.0.0"><link rel="alternate" href="/atom.xml" title="Tolshao" type="application/atom+xml">
</head>


<body>
    <header class="navbar-fixed">
    <nav id="headNav" class="bg-color nav-transparent">
        <div id="navContainer" class="nav-wrapper container">
            <div class="brand-logo">
                <a href="/" class="waves-effect waves-light">
                    
                    <img src="/medias/logo.png" class="logo-img" alt="LOGO">
                    
                    <span class="logo-span">Tolshao</span>
                </a>
            </div>
            

<a href="#" data-target="mobile-nav" class="sidenav-trigger button-collapse"><i class="fas fa-bars"></i></a>
<ul class="right nav-menu">
  
  <li class="hide-on-med-and-down nav-item">
    
    <a href="/" class="waves-effect waves-light">
      
      <i class="fas fa-home" style="zoom: 0.6;"></i>
      
      <span>首页</span>
    </a>
    
  </li>
  
  <li class="hide-on-med-and-down nav-item">
    
    <a href="/tags" class="waves-effect waves-light">
      
      <i class="fas fa-tags" style="zoom: 0.6;"></i>
      
      <span>标签</span>
    </a>
    
  </li>
  
  <li class="hide-on-med-and-down nav-item">
    
    <a href="/categories" class="waves-effect waves-light">
      
      <i class="fas fa-bookmark" style="zoom: 0.6;"></i>
      
      <span>分类</span>
    </a>
    
  </li>
  
  <li class="hide-on-med-and-down nav-item">
    
    <a href="/archives" class="waves-effect waves-light">
      
      <i class="fas fa-archive" style="zoom: 0.6;"></i>
      
      <span>归档</span>
    </a>
    
  </li>
  
  <li class="hide-on-med-and-down nav-item">
    
    <a href="/about" class="waves-effect waves-light">
      
      <i class="fas fa-user-circle" style="zoom: 0.6;"></i>
      
      <span>关于</span>
    </a>
    
  </li>
  
  <li class="hide-on-med-and-down nav-item">
    
    <a href="/contact" class="waves-effect waves-light">
      
      <i class="fas fa-comments" style="zoom: 0.6;"></i>
      
      <span>留言板</span>
    </a>
    
  </li>
  
  <li class="hide-on-med-and-down nav-item">
    
    <a href="/friends" class="waves-effect waves-light">
      
      <i class="fas fa-address-book" style="zoom: 0.6;"></i>
      
      <span>友情链接</span>
    </a>
    
  </li>
  
  <li>
    <a href="#searchModal" class="modal-trigger waves-effect waves-light">
      <i id="searchIcon" class="fas fa-search" title="搜索" style="zoom: 0.85;"></i>
    </a>
  </li>
</ul>


<div id="mobile-nav" class="side-nav sidenav">

    <div class="mobile-head bg-color">
        
        <img src="/medias/logo.png" class="logo-img circle responsive-img">
        
        <div class="logo-name">Tolshao</div>
        <div class="logo-desc">
            
            BUAA | 张小跳
            
        </div>
    </div>

    

    <ul class="menu-list mobile-menu-list">
        
        <li class="m-nav-item">
	  
		<a href="/" class="waves-effect waves-light">
			
			    <i class="fa-fw fas fa-home"></i>
			
			首页
		</a>
          
        </li>
        
        <li class="m-nav-item">
	  
		<a href="/tags" class="waves-effect waves-light">
			
			    <i class="fa-fw fas fa-tags"></i>
			
			标签
		</a>
          
        </li>
        
        <li class="m-nav-item">
	  
		<a href="/categories" class="waves-effect waves-light">
			
			    <i class="fa-fw fas fa-bookmark"></i>
			
			分类
		</a>
          
        </li>
        
        <li class="m-nav-item">
	  
		<a href="/archives" class="waves-effect waves-light">
			
			    <i class="fa-fw fas fa-archive"></i>
			
			归档
		</a>
          
        </li>
        
        <li class="m-nav-item">
	  
		<a href="/about" class="waves-effect waves-light">
			
			    <i class="fa-fw fas fa-user-circle"></i>
			
			关于
		</a>
          
        </li>
        
        <li class="m-nav-item">
	  
		<a href="/contact" class="waves-effect waves-light">
			
			    <i class="fa-fw fas fa-comments"></i>
			
			留言板
		</a>
          
        </li>
        
        <li class="m-nav-item">
	  
		<a href="/friends" class="waves-effect waves-light">
			
			    <i class="fa-fw fas fa-address-book"></i>
			
			友情链接
		</a>
          
        </li>
        
        
        <li><div class="divider"></div></li>
        <li>
            <a href="https://github.com/tolshao/hexo-theme-matery-modified" class="waves-effect waves-light" target="_blank">
                <i class="fab fa-github-square fa-fw"></i>Fork Me
            </a>
        </li>
        
    </ul>
</div>


        </div>

        
            <style>
    .nav-transparent .github-corner {
        display: none !important;
    }

    .github-corner {
        position: absolute;
        z-index: 10;
        top: 0;
        right: 0;
        border: 0;
        transform: scale(1.1);
    }

    .github-corner svg {
        color: #0f9d58;
        fill: #fff;
        height: 64px;
        width: 64px;
    }

    .github-corner:hover .octo-arm {
        animation: a 0.56s ease-in-out;
    }

    .github-corner .octo-arm {
        animation: none;
    }

    @keyframes a {
        0%,
        to {
            transform: rotate(0);
        }
        20%,
        60% {
            transform: rotate(-25deg);
        }
        40%,
        80% {
            transform: rotate(10deg);
        }
    }
</style>

<a href="https://github.com/tolshao/hexo-theme-matery-modified" class="github-corner tooltipped hide-on-med-and-down" target="_blank"
   data-tooltip="Fork Me" data-position="left" data-delay="50">
    <svg viewBox="0 0 250 250" aria-hidden="true">
        <path d="M0,0 L115,115 L130,115 L142,142 L250,250 L250,0 Z"></path>
        <path d="M128.3,109.0 C113.8,99.7 119.0,89.6 119.0,89.6 C122.0,82.7 120.5,78.6 120.5,78.6 C119.2,72.0 123.4,76.3 123.4,76.3 C127.3,80.9 125.5,87.3 125.5,87.3 C122.9,97.6 130.6,101.9 134.4,103.2"
              fill="currentColor" style="transform-origin: 130px 106px;" class="octo-arm"></path>
        <path d="M115.0,115.0 C114.9,115.1 118.7,116.5 119.8,115.4 L133.7,101.6 C136.9,99.2 139.9,98.4 142.2,98.6 C133.8,88.0 127.5,74.4 143.8,58.0 C148.5,53.4 154.0,51.2 159.7,51.0 C160.3,49.4 163.2,43.6 171.4,40.1 C171.4,40.1 176.1,42.5 178.8,56.2 C183.1,58.6 187.2,61.8 190.9,65.4 C194.5,69.0 197.7,73.2 200.1,77.6 C213.8,80.2 216.3,84.9 216.3,84.9 C212.7,93.1 206.9,96.0 205.4,96.6 C205.1,102.4 203.0,107.8 198.3,112.5 C181.9,128.9 168.3,122.5 157.7,114.1 C157.9,116.9 156.7,120.9 152.7,124.9 L141.0,136.5 C139.8,137.7 141.6,141.9 141.8,141.8 Z"
              fill="currentColor" class="octo-body"></path>
    </svg>
</a>
        
    </nav>

</header>

    



<div class="bg-cover pd-header post-cover" style="background-image: url('/img/robot.jpg')">
    <div class="container" style="right: 0px;left: 0px;">
        <div class="row">
            <div class="col s12 m12 l12">
                <div class="brand">
                    <h1 class="description center-align post-title">RL实践1——值迭代求解随机策略</h1>
                </div>
            </div>
        </div>
    </div>
</div>




<main class="post-container content">

    
    <link rel="stylesheet" href="/libs/tocbot/tocbot.css">
<style>
    #articleContent h1::before,
    #articleContent h2::before,
    #articleContent h3::before,
    #articleContent h4::before,
    #articleContent h5::before,
    #articleContent h6::before {
        display: block;
        content: " ";
        height: 100px;
        margin-top: -100px;
        visibility: hidden;
    }

    #articleContent :focus {
        outline: none;
    }

    .toc-fixed {
        position: fixed;
        top: 64px;
    }

    .toc-widget {
        width: 345px;
        padding-left: 20px;
    }

    .toc-widget .toc-title {
        margin: 35px 0 15px 0;
        padding-left: 17px;
        font-size: 1.5rem;
        font-weight: bold;
        line-height: 1.5rem;
    }

    .toc-widget ol {
        padding: 0;
        list-style: none;
    }

    #toc-content {
        height: calc(100vh - 250px);
        overflow: auto;
    }

    #toc-content ol {
        padding-left: 10px;
    }

    #toc-content ol li {
        padding-left: 10px;
    }

    #toc-content .toc-link:hover {
        color: #42b983;
        font-weight: 700;
        text-decoration: underline;
    }

    #toc-content .toc-link::before {
        background-color: transparent;
        max-height: 25px;

        position: absolute;
        right: 23.5vw;
        display: block;
    }

    #toc-content .is-active-link {
        color: #42b983;
    }

    #floating-toc-btn {
        position: fixed;
        right: 15px;
        bottom: 76px;
        padding-top: 15px;
        margin-bottom: 0;
        z-index: 998;
    }

    #floating-toc-btn .btn-floating {
        width: 48px;
        height: 48px;
    }

    #floating-toc-btn .btn-floating i {
        line-height: 48px;
        font-size: 1.4rem;
    }
</style>
<div class="row">
    <div id="main-content" class="col s12 m12 l9">
        <!-- 文章内容详情 -->
<div id="artDetail">
    <div class="card">
        <div class="card-content article-info">
            <div class="row tag-cate">
                <div class="col s7">
                    
                    <div class="article-tag">
                        
                            <a href="/tags/%E5%8A%A8%E6%80%81%E8%A7%84%E5%88%92-dynamic-programming/">
                                <span class="chip bg-color">动态规划 dynamic programming</span>
                            </a>
                        
                            <a href="/tags/%E5%BC%BA%E5%8C%96%E5%AD%A6%E4%B9%A0%E5%AE%9E%E8%B7%B5/">
                                <span class="chip bg-color">强化学习实践</span>
                            </a>
                        
                    </div>
                    
                </div>
                <div class="col s5 right-align">
                    
                    <div class="post-cate">
                        <i class="fas fa-bookmark fa-fw icon-category"></i>
                        
                            <a href="/categories/%E5%BC%BA%E5%8C%96%E5%AD%A6%E4%B9%A0%E5%AE%9E%E8%B7%B5/" class="post-category">
                                强化学习实践
                            </a>
                        
                    </div>
                    
                </div>
            </div>

            <div class="post-info">
                
                <div class="post-date info-break-policy">
                    <i class="far fa-calendar-minus fa-fw"></i>发布日期:&nbsp;&nbsp;
                    2020-09-02
                </div>
                

                
                <div class="post-date info-break-policy">
                    <i class="far fa-calendar-check fa-fw"></i>更新日期:&nbsp;&nbsp;
                    2020-09-02
                </div>
                

                
                <div class="info-break-policy">
                    <i class="far fa-file-word fa-fw"></i>文章字数:&nbsp;&nbsp;
                    6.4k
                </div>
                

                
                <div class="info-break-policy">
                    <i class="far fa-clock fa-fw"></i>阅读时长:&nbsp;&nbsp;
                    38 分
                </div>
                

                
                    <div id="busuanzi_container_page_pv" class="info-break-policy">
                        <i class="far fa-eye fa-fw"></i>阅读次数:&nbsp;&nbsp;
                        <span id="busuanzi_value_page_pv"></span>
                    </div>
				
            </div>
        </div>
        <hr class="clearfix">
        <div class="card-content article-card-content">
            <div id="articleContent">
                <h1 id="RL实践1——值迭代求解随机策略"><a href="#RL实践1——值迭代求解随机策略" class="headerlink" title="RL实践1——值迭代求解随机策略"></a>RL实践1——值迭代求解随机策略</h1><p>参考自叶强《强化学习》第三讲，方格世界—— 使用 动态规划 求解随机策略</p>
<p>动态规划的使用条件时MDP已知，在简单游戏中，这个条件时显然成立的<br>使用Value iteration的方法求解每个状态的价值函数，迭代收敛之后，对应最优策略生成。</p>
<p>注意：动态规划和强化学习都用的价值函数，区别在于</p>
<ul>
<li><strong>动态规划</strong>需要基于模型获取采取动作后下一时刻的状态，已进行评估，需要MDP模型已知；</li>
<li><strong>强化学习</strong>无模型的学习方法，可以基于采样，对episode的状态（动作）价值函数进行学习。</li>
</ul>
<h2 id="问题定义"><a href="#问题定义" class="headerlink" title="问题定义"></a>问题定义</h2><p><img src="https://pic1.zhimg.com/80/v2-b4049aad5b8fb2d43138b8bfccc3d6cb_720w.png" alt=""><br>从方格状态走到终止状态（灰色标记）</p>
<h2 id="Python代码及注释"><a href="#Python代码及注释" class="headerlink" title="Python代码及注释"></a>Python代码及注释</h2><p>值得注意的是，知乎原版的注释是错误的，采用的是同步更新</p>
<p>有三个trick可以加快运算速度（对于大规模问题）</p>
<ul>
<li>in-place DP：新值直接替换旧值，只存储一个v(s)，<ul>
<li>异步更新，提高效率</li>
<li>缺点：更新顺序影响收敛性</li>
</ul>
</li>
<li>Prioritised sweeping：state的影响力排序<ul>
<li>比较贝尔曼误差绝对值，大的更新，小的忽略</li>
</ul>
</li>
<li>Real-time DP：遍历过的才更新<ul>
<li>省去了agent 未遍历的状态s，对于稀疏任务效率提升极大</li>
</ul>
</li>
</ul>
<pre><code class="lang-python"># 状态集合
states = [i for i in range(16)]
# 价值集合
values = [0 for _ in range(16)]
# 动作集：
actions = ["n", "e", "s", "w"]
# 动作字典：
ds_actions = &amp;#123;"n": -4, "e": 1, "s": 4, "w": -1&amp;#125;
# 衰减率
gamma = 1.00


# 定义MDP
def nextState(s, a):
    next_state = s
    if (s%4 == 0 and a == "w") or (s&lt;4 and a == "n") or \
      ((s+1)%4 == 0 and a == "e") or (s &gt; 11 and a == "s"):
        pass
    else:
        ds = ds_actions[a]
        next_state = s + ds
    return next_state


# 定义奖励
def rewardOf(s):
    return 0 if s in [0, 15] else -1


# 判断是否结束
def isTerminateState(s):
    return s in [0, 15]


# 获取所有可能的next state 集合
def getSuccessors(s):
    successors = []
    if isTerminateState(s):
        return successors
    for a in actions:
        next_state = nextState(s, a)
        # if s != next_state:
        successors.append(next_state)
    return successors


# 更新当前位置的价值函数
def updateValue(s):
    sucessors = getSuccessors(s)
    newValue = 0  # values[s]
    num = 4  # len(successors)
    reward = rewardOf(s)
    for next_state in sucessors:
        newValue += 1.00 / num * (reward + gamma * values[next_state])
    return newValue


# 打印所有状态对应价值函数
def printValue(v):
    for i in range(16):
        print('&amp;#123;0:&gt;6.2f&amp;#125;'.format(v[i]), end=" ")
        if (i + 1) % 4 == 0:
            print("")
    print()


# 一次迭代
# 这里采用的是同步更新，不是异步更新。创建了newvalues数组，遍历过states后，统一更新global values
def performOneIteration():
    newValues = [0 for _ in range(16)]
    for s in states:
        newValues[s] = updateValue(s)
    global values
    values = newValues
    printValue(values)
</code></pre>
<pre><code class="lang-python"># 主函数
def main():
    max_iterate_times = 160
    cur_iterate_times = 0
    while cur_iterate_times &lt;= max_iterate_times:
        print("Iterate No.&amp;#123;0&amp;#125;".format(cur_iterate_times))
        performOneIteration()
        cur_iterate_times += 1
    printValue(values)
</code></pre>
<pre><code class="lang-python">if __name__ == '__main__':
    main()
</code></pre>
<h2 id="运算结果如下"><a href="#运算结果如下" class="headerlink" title="运算结果如下"></a>运算结果如下</h2><pre><code>Iterate No.0
  0.00  -1.00  -1.00  -1.00 
 -1.00  -1.00  -1.00  -1.00 
 -1.00  -1.00  -1.00  -1.00 
 -1.00  -1.00  -1.00   0.00 

Iterate No.1
  0.00  -1.75  -2.00  -2.00 
 -1.75  -2.00  -2.00  -2.00 
 -2.00  -2.00  -2.00  -1.75 
 -2.00  -2.00  -1.75   0.00 

Iterate No.2
  0.00  -2.44  -2.94  -3.00 
 -2.44  -2.88  -3.00  -2.94 
 -2.94  -3.00  -2.88  -2.44 
 -3.00  -2.94  -2.44   0.00 

Iterate No.3
  0.00  -3.06  -3.84  -3.97 
 -3.06  -3.72  -3.91  -3.84 
 -3.84  -3.91  -3.72  -3.06 
 -3.97  -3.84  -3.06   0.00 

Iterate No.4
  0.00  -3.66  -4.70  -4.91 
 -3.66  -4.48  -4.78  -4.70 
 -4.70  -4.78  -4.48  -3.66 
 -4.91  -4.70  -3.66   0.00 

Iterate No.5
  0.00  -4.21  -5.51  -5.80 
 -4.21  -5.22  -5.59  -5.51 
 -5.51  -5.59  -5.22  -4.21 
 -5.80  -5.51  -4.21   0.00 

Iterate No.6
  0.00  -4.73  -6.28  -6.66 
 -4.73  -5.90  -6.36  -6.28 
 -6.28  -6.36  -5.90  -4.73 
 -6.66  -6.28  -4.73   0.00 

Iterate No.7
  0.00  -5.23  -7.01  -7.47 
 -5.23  -6.55  -7.09  -7.01 
 -7.01  -7.09  -6.55  -5.23 
 -7.47  -7.01  -5.23   0.00 

Iterate No.8
  0.00  -5.70  -7.70  -8.24 
 -5.70  -7.16  -7.78  -7.70 
 -7.70  -7.78  -7.16  -5.70 
 -8.24  -7.70  -5.70   0.00 

Iterate No.9
  0.00  -6.14  -8.35  -8.97 
 -6.14  -7.74  -8.43  -8.35 
 -8.35  -8.43  -7.74  -6.14 
 -8.97  -8.35  -6.14   0.00 

Iterate No.10
  0.00  -6.56  -8.97  -9.66 
 -6.56  -8.28  -9.04  -8.97 
 -8.97  -9.04  -8.28  -6.56 
 -9.66  -8.97  -6.56   0.00 

Iterate No.11
  0.00  -6.95  -9.56 -10.32 
 -6.95  -8.80  -9.63  -9.56 
 -9.56  -9.63  -8.80  -6.95 
-10.32  -9.56  -6.95   0.00 

Iterate No.12
  0.00  -7.33 -10.11 -10.94 
 -7.33  -9.29 -10.18 -10.11 
-10.11 -10.18  -9.29  -7.33 
-10.94 -10.11  -7.33   0.00 

Iterate No.13
  0.00  -7.68 -10.64 -11.53 
 -7.68  -9.75 -10.70 -10.64 
-10.64 -10.70  -9.75  -7.68 
-11.53 -10.64  -7.68   0.00 

Iterate No.14
  0.00  -8.02 -11.14 -12.08 
 -8.02 -10.19 -11.20 -11.14 
-11.14 -11.20 -10.19  -8.02 
-12.08 -11.14  -8.02   0.00 

Iterate No.15
  0.00  -8.34 -11.61 -12.61 
 -8.34 -10.61 -11.66 -11.61 
-11.61 -11.66 -10.61  -8.34 
-12.61 -11.61  -8.34   0.00 

Iterate No.16
  0.00  -8.64 -12.06 -13.11 
 -8.64 -11.00 -12.11 -12.06 
-12.06 -12.11 -11.00  -8.64 
-13.11 -12.06  -8.64   0.00 

Iterate No.17
  0.00  -8.92 -12.48 -13.58 
 -8.92 -11.37 -12.53 -12.48 
-12.48 -12.53 -11.37  -8.92 
-13.58 -12.48  -8.92   0.00 

Iterate No.18
  0.00  -9.19 -12.88 -14.03 
 -9.19 -11.73 -12.93 -12.88 
-12.88 -12.93 -11.73  -9.19 
-14.03 -12.88  -9.19   0.00 

Iterate No.19
  0.00  -9.45 -13.26 -14.45 
 -9.45 -12.06 -13.30 -13.26 
-13.26 -13.30 -12.06  -9.45 
-14.45 -13.26  -9.45   0.00 

Iterate No.20
  0.00  -9.69 -13.62 -14.86 
 -9.69 -12.38 -13.66 -13.62 
-13.62 -13.66 -12.38  -9.69 
-14.86 -13.62  -9.69   0.00 

Iterate No.21
  0.00  -9.92 -13.96 -15.24 
 -9.92 -12.67 -14.00 -13.96 
-13.96 -14.00 -12.67  -9.92 
-15.24 -13.96  -9.92   0.00 

Iterate No.22
  0.00 -10.14 -14.28 -15.60 
-10.14 -12.96 -14.32 -14.28 
-14.28 -14.32 -12.96 -10.14 
-15.60 -14.28 -10.14   0.00 

Iterate No.23
  0.00 -10.34 -14.58 -15.94 
-10.34 -13.23 -14.62 -14.58 
-14.58 -14.62 -13.23 -10.34 
-15.94 -14.58 -10.34   0.00 

Iterate No.24
  0.00 -10.54 -14.87 -16.26 
-10.54 -13.48 -14.90 -14.87 
-14.87 -14.90 -13.48 -10.54 
-16.26 -14.87 -10.54   0.00 

Iterate No.25
  0.00 -10.72 -15.14 -16.56 
-10.72 -13.72 -15.17 -15.14 
-15.14 -15.17 -13.72 -10.72 
-16.56 -15.14 -10.72   0.00 

Iterate No.26
  0.00 -10.90 -15.40 -16.85 
-10.90 -13.95 -15.43 -15.40 
-15.40 -15.43 -13.95 -10.90 
-16.85 -15.40 -10.90   0.00 

Iterate No.27
  0.00 -11.06 -15.65 -17.13 
-11.06 -14.16 -15.67 -15.65 
-15.65 -15.67 -14.16 -11.06 
-17.13 -15.65 -11.06   0.00 

Iterate No.28
  0.00 -11.22 -15.88 -17.39 
-11.22 -14.37 -15.90 -15.88 
-15.88 -15.90 -14.37 -11.22 
-17.39 -15.88 -11.22   0.00 

Iterate No.29
  0.00 -11.37 -16.10 -17.63 
-11.37 -14.56 -16.12 -16.10 
-16.10 -16.12 -14.56 -11.37 
-17.63 -16.10 -11.37   0.00 

Iterate No.30
  0.00 -11.51 -16.30 -17.86 
-11.51 -14.74 -16.33 -16.30 
-16.30 -16.33 -14.74 -11.51 
-17.86 -16.30 -11.51   0.00 

Iterate No.31
  0.00 -11.64 -16.50 -18.08 
-11.64 -14.92 -16.52 -16.50 
-16.50 -16.52 -14.92 -11.64 
-18.08 -16.50 -11.64   0.00 

Iterate No.32
  0.00 -11.76 -16.69 -18.29 
-11.76 -15.08 -16.71 -16.69 
-16.69 -16.71 -15.08 -11.76 
-18.29 -16.69 -11.76   0.00 

Iterate No.33
  0.00 -11.88 -16.86 -18.49 
-11.88 -15.24 -16.88 -16.86 
-16.86 -16.88 -15.24 -11.88 
-18.49 -16.86 -11.88   0.00 

Iterate No.34
  0.00 -12.00 -17.03 -18.68 
-12.00 -15.38 -17.05 -17.03 
-17.03 -17.05 -15.38 -12.00 
-18.68 -17.03 -12.00   0.00 

Iterate No.35
  0.00 -12.10 -17.19 -18.85 
-12.10 -15.52 -17.21 -17.19 
-17.19 -17.21 -15.52 -12.10 
-18.85 -17.19 -12.10   0.00 

Iterate No.36
  0.00 -12.20 -17.34 -19.02 
-12.20 -15.65 -17.36 -17.34 
-17.34 -17.36 -15.65 -12.20 
-19.02 -17.34 -12.20   0.00 

Iterate No.37
  0.00 -12.30 -17.48 -19.18 
-12.30 -15.78 -17.50 -17.48 
-17.48 -17.50 -15.78 -12.30 
-19.18 -17.48 -12.30   0.00 

Iterate No.38
  0.00 -12.39 -17.61 -19.33 
-12.39 -15.90 -17.63 -17.61 
-17.61 -17.63 -15.90 -12.39 
-19.33 -17.61 -12.39   0.00 

Iterate No.39
  0.00 -12.47 -17.74 -19.47 
-12.47 -16.01 -17.76 -17.74 
-17.74 -17.76 -16.01 -12.47 
-19.47 -17.74 -12.47   0.00 

Iterate No.40
  0.00 -12.56 -17.86 -19.61 
-12.56 -16.12 -17.87 -17.86 
-17.86 -17.87 -16.12 -12.56 
-19.61 -17.86 -12.56   0.00 

Iterate No.41
  0.00 -12.63 -17.97 -19.73 
-12.63 -16.22 -17.99 -17.97 
-17.97 -17.99 -16.22 -12.63 
-19.73 -17.97 -12.63   0.00 

Iterate No.42
  0.00 -12.71 -18.08 -19.85 
-12.71 -16.31 -18.09 -18.08 
-18.08 -18.09 -16.31 -12.71 
-19.85 -18.08 -12.71   0.00 

Iterate No.43
  0.00 -12.77 -18.18 -19.97 
-12.77 -16.40 -18.20 -18.18 
-18.18 -18.20 -16.40 -12.77 
-19.97 -18.18 -12.77   0.00 

Iterate No.44
  0.00 -12.84 -18.28 -20.08 
-12.84 -16.49 -18.29 -18.28 
-18.28 -18.29 -16.49 -12.84 
-20.08 -18.28 -12.84   0.00 

Iterate No.45
  0.00 -12.90 -18.37 -20.18 
-12.90 -16.57 -18.38 -18.37 
-18.37 -18.38 -16.57 -12.90 
-20.18 -18.37 -12.90   0.00 

Iterate No.46
  0.00 -12.96 -18.46 -20.28 
-12.96 -16.64 -18.47 -18.46 
-18.46 -18.47 -16.64 -12.96 
-20.28 -18.46 -12.96   0.00 

Iterate No.47
  0.00 -13.02 -18.54 -20.37 
-13.02 -16.71 -18.55 -18.54 
-18.54 -18.55 -16.71 -13.02 
-20.37 -18.54 -13.02   0.00 

Iterate No.48
  0.00 -13.07 -18.62 -20.45 
-13.07 -16.78 -18.63 -18.62 
-18.62 -18.63 -16.78 -13.07 
-20.45 -18.62 -13.07   0.00 

Iterate No.49
  0.00 -13.12 -18.69 -20.54 
-13.12 -16.85 -18.70 -18.69 
-18.69 -18.70 -16.85 -13.12 
-20.54 -18.69 -13.12   0.00 

Iterate No.50
  0.00 -13.16 -18.76 -20.61 
-13.16 -16.91 -18.77 -18.76 
-18.76 -18.77 -16.91 -13.16 
-20.61 -18.76 -13.16   0.00 

Iterate No.51
  0.00 -13.21 -18.83 -20.69 
-13.21 -16.97 -18.84 -18.83 
-18.83 -18.84 -16.97 -13.21 
-20.69 -18.83 -13.21   0.00 

Iterate No.52
  0.00 -13.25 -18.89 -20.76 
-13.25 -17.02 -18.90 -18.89 
-18.89 -18.90 -17.02 -13.25 
-20.76 -18.89 -13.25   0.00 

Iterate No.53
  0.00 -13.29 -18.95 -20.82 
-13.29 -17.07 -18.96 -18.95 
-18.95 -18.96 -17.07 -13.29 
-20.82 -18.95 -13.29   0.00 

Iterate No.54
  0.00 -13.33 -19.00 -20.89 
-13.33 -17.12 -19.01 -19.00 
-19.00 -19.01 -17.12 -13.33 
-20.89 -19.00 -13.33   0.00 

Iterate No.55
  0.00 -13.36 -19.06 -20.95 
-13.36 -17.17 -19.06 -19.06 
-19.06 -19.06 -17.17 -13.36 
-20.95 -19.06 -13.36   0.00 

Iterate No.56
  0.00 -13.40 -19.11 -21.00 
-13.40 -17.21 -19.11 -19.11 
-19.11 -19.11 -17.21 -13.40 
-21.00 -19.11 -13.40   0.00 

Iterate No.57
  0.00 -13.43 -19.16 -21.05 
-13.43 -17.26 -19.16 -19.16 
-19.16 -19.16 -17.26 -13.43 
-21.05 -19.16 -13.43   0.00 

Iterate No.58
  0.00 -13.46 -19.20 -21.10 
-13.46 -17.30 -19.21 -19.20 
-19.20 -19.21 -17.30 -13.46 
-21.10 -19.20 -13.46   0.00 

Iterate No.59
  0.00 -13.49 -19.24 -21.15 
-13.49 -17.33 -19.25 -19.24 
-19.24 -19.25 -17.33 -13.49 
-21.15 -19.24 -13.49   0.00 

Iterate No.60
  0.00 -13.52 -19.28 -21.20 
-13.52 -17.37 -19.29 -19.28 
-19.28 -19.29 -17.37 -13.52 
-21.20 -19.28 -13.52   0.00 

Iterate No.61
  0.00 -13.54 -19.32 -21.24 
-13.54 -17.40 -19.33 -19.32 
-19.32 -19.33 -17.40 -13.54 
-21.24 -19.32 -13.54   0.00 

Iterate No.62
  0.00 -13.57 -19.36 -21.28 
-13.57 -17.43 -19.36 -19.36 
-19.36 -19.36 -17.43 -13.57 
-21.28 -19.36 -13.57   0.00 

Iterate No.63
  0.00 -13.59 -19.39 -21.32 
-13.59 -17.46 -19.40 -19.39 
-19.39 -19.40 -17.46 -13.59 
-21.32 -19.39 -13.59   0.00 

Iterate No.64
  0.00 -13.61 -19.42 -21.36 
-13.61 -17.49 -19.43 -19.42 
-19.42 -19.43 -17.49 -13.61 
-21.36 -19.42 -13.61   0.00 

Iterate No.65
  0.00 -13.63 -19.45 -21.39 
-13.63 -17.52 -19.46 -19.45 
-19.45 -19.46 -17.52 -13.63 
-21.39 -19.45 -13.63   0.00 

Iterate No.66
  0.00 -13.65 -19.48 -21.42 
-13.65 -17.54 -19.49 -19.48 
-19.48 -19.49 -17.54 -13.65 
-21.42 -19.48 -13.65   0.00 

Iterate No.67
  0.00 -13.67 -19.51 -21.45 
-13.67 -17.57 -19.51 -19.51 
-19.51 -19.51 -17.57 -13.67 
-21.45 -19.51 -13.67   0.00 

Iterate No.68
  0.00 -13.69 -19.54 -21.48 
-13.69 -17.59 -19.54 -19.54 
-19.54 -19.54 -17.59 -13.69 
-21.48 -19.54 -13.69   0.00 

Iterate No.69
  0.00 -13.70 -19.56 -21.51 
-13.70 -17.61 -19.56 -19.56 
-19.56 -19.56 -17.61 -13.70 
-21.51 -19.56 -13.70   0.00 

Iterate No.70
  0.00 -13.72 -19.58 -21.54 
-13.72 -17.63 -19.59 -19.58 
-19.58 -19.59 -17.63 -13.72 
-21.54 -19.58 -13.72   0.00 

Iterate No.71
  0.00 -13.73 -19.61 -21.56 
-13.73 -17.65 -19.61 -19.61 
-19.61 -19.61 -17.65 -13.73 
-21.56 -19.61 -13.73   0.00 

Iterate No.72
  0.00 -13.75 -19.63 -21.58 
-13.75 -17.67 -19.63 -19.63 
-19.63 -19.63 -17.67 -13.75 
-21.58 -19.63 -13.75   0.00 

Iterate No.73
  0.00 -13.76 -19.65 -21.61 
-13.76 -17.69 -19.65 -19.65 
-19.65 -19.65 -17.69 -13.76 
-21.61 -19.65 -13.76   0.00 

Iterate No.74
  0.00 -13.77 -19.67 -21.63 
-13.77 -17.71 -19.67 -19.67 
-19.67 -19.67 -17.71 -13.77 
-21.63 -19.67 -13.77   0.00 

Iterate No.75
  0.00 -13.79 -19.68 -21.65 
-13.79 -17.72 -19.69 -19.68 
-19.68 -19.69 -17.72 -13.79 
-21.65 -19.68 -13.79   0.00 

Iterate No.76
  0.00 -13.80 -19.70 -21.67 
-13.80 -17.74 -19.70 -19.70 
-19.70 -19.70 -17.74 -13.80 
-21.67 -19.70 -13.80   0.00 

Iterate No.77
  0.00 -13.81 -19.72 -21.68 
-13.81 -17.75 -19.72 -19.72 
-19.72 -19.72 -17.75 -13.81 
-21.68 -19.72 -13.81   0.00 

Iterate No.78
  0.00 -13.82 -19.73 -21.70 
-13.82 -17.76 -19.73 -19.73 
-19.73 -19.73 -17.76 -13.82 
-21.70 -19.73 -13.82   0.00 

Iterate No.79
  0.00 -13.83 -19.75 -21.72 
-13.83 -17.78 -19.75 -19.75 
-19.75 -19.75 -17.78 -13.83 
-21.72 -19.75 -13.83   0.00 

Iterate No.80
  0.00 -13.84 -19.76 -21.73 
-13.84 -17.79 -19.76 -19.76 
-19.76 -19.76 -17.79 -13.84 
-21.73 -19.76 -13.84   0.00 

Iterate No.81
  0.00 -13.85 -19.77 -21.75 
-13.85 -17.80 -19.77 -19.77 
-19.77 -19.77 -17.80 -13.85 
-21.75 -19.77 -13.85   0.00 

Iterate No.82
  0.00 -13.85 -19.78 -21.76 
-13.85 -17.81 -19.79 -19.78 
-19.78 -19.79 -17.81 -13.85 
-21.76 -19.78 -13.85   0.00 

Iterate No.83
  0.00 -13.86 -19.80 -21.77 
-13.86 -17.82 -19.80 -19.80 
-19.80 -19.80 -17.82 -13.86 
-21.77 -19.80 -13.86   0.00 

Iterate No.84
  0.00 -13.87 -19.81 -21.78 
-13.87 -17.83 -19.81 -19.81 
-19.81 -19.81 -17.83 -13.87 
-21.78 -19.81 -13.87   0.00 

Iterate No.85
  0.00 -13.88 -19.82 -21.80 
-13.88 -17.84 -19.82 -19.82 
-19.82 -19.82 -17.84 -13.88 
-21.80 -19.82 -13.88   0.00 

Iterate No.86
  0.00 -13.88 -19.83 -21.81 
-13.88 -17.85 -19.83 -19.83 
-19.83 -19.83 -17.85 -13.88 
-21.81 -19.83 -13.88   0.00 

Iterate No.87
  0.00 -13.89 -19.84 -21.82 
-13.89 -17.86 -19.84 -19.84 
-19.84 -19.84 -17.86 -13.89 
-21.82 -19.84 -13.89   0.00 

Iterate No.88
  0.00 -13.90 -19.84 -21.83 
-13.90 -17.86 -19.85 -19.84 
-19.84 -19.85 -17.86 -13.90 
-21.83 -19.84 -13.90   0.00 

Iterate No.89
  0.00 -13.90 -19.85 -21.84 
-13.90 -17.87 -19.85 -19.85 
-19.85 -19.85 -17.87 -13.90 
-21.84 -19.85 -13.90   0.00 

Iterate No.90
  0.00 -13.91 -19.86 -21.84 
-13.91 -17.88 -19.86 -19.86 
-19.86 -19.86 -17.88 -13.91 
-21.84 -19.86 -13.91   0.00 

Iterate No.91
  0.00 -13.91 -19.87 -21.85 
-13.91 -17.88 -19.87 -19.87 
-19.87 -19.87 -17.88 -13.91 
-21.85 -19.87 -13.91   0.00 

Iterate No.92
  0.00 -13.92 -19.88 -21.86 
-13.92 -17.89 -19.88 -19.88 
-19.88 -19.88 -17.89 -13.92 
-21.86 -19.88 -13.92   0.00 

Iterate No.93
  0.00 -13.92 -19.88 -21.87 
-13.92 -17.90 -19.88 -19.88 
-19.88 -19.88 -17.90 -13.92 
-21.87 -19.88 -13.92   0.00 

Iterate No.94
  0.00 -13.92 -19.89 -21.87 
-13.92 -17.90 -19.89 -19.89 
-19.89 -19.89 -17.90 -13.92 
-21.87 -19.89 -13.92   0.00 

Iterate No.95
  0.00 -13.93 -19.89 -21.88 
-13.93 -17.91 -19.89 -19.89 
-19.89 -19.89 -17.91 -13.93 
-21.88 -19.89 -13.93   0.00 

Iterate No.96
  0.00 -13.93 -19.90 -21.89 
-13.93 -17.91 -19.90 -19.90 
-19.90 -19.90 -17.91 -13.93 
-21.89 -19.90 -13.93   0.00 

Iterate No.97
  0.00 -13.94 -19.91 -21.89 
-13.94 -17.92 -19.91 -19.91 
-19.91 -19.91 -17.92 -13.94 
-21.89 -19.91 -13.94   0.00 

Iterate No.98
  0.00 -13.94 -19.91 -21.90 
-13.94 -17.92 -19.91 -19.91 
-19.91 -19.91 -17.92 -13.94 
-21.90 -19.91 -13.94   0.00 

Iterate No.99
  0.00 -13.94 -19.91 -21.90 
-13.94 -17.93 -19.92 -19.91 
-19.91 -19.92 -17.93 -13.94 
-21.90 -19.91 -13.94   0.00 

Iterate No.100
  0.00 -13.95 -19.92 -21.91 
-13.95 -17.93 -19.92 -19.92 
-19.92 -19.92 -17.93 -13.95 
-21.91 -19.92 -13.95   0.00 

Iterate No.101
  0.00 -13.95 -19.92 -21.91 
-13.95 -17.93 -19.92 -19.92 
-19.92 -19.92 -17.93 -13.95 
-21.91 -19.92 -13.95   0.00 

Iterate No.102
  0.00 -13.95 -19.93 -21.92 
-13.95 -17.94 -19.93 -19.93 
-19.93 -19.93 -17.94 -13.95 
-21.92 -19.93 -13.95   0.00 

Iterate No.103
  0.00 -13.95 -19.93 -21.92 
-13.95 -17.94 -19.93 -19.93 
-19.93 -19.93 -17.94 -13.95 
-21.92 -19.93 -13.95   0.00 

Iterate No.104
  0.00 -13.96 -19.94 -21.93 
-13.96 -17.94 -19.94 -19.94 
-19.94 -19.94 -17.94 -13.96 
-21.93 -19.94 -13.96   0.00 

Iterate No.105
  0.00 -13.96 -19.94 -21.93 
-13.96 -17.95 -19.94 -19.94 
-19.94 -19.94 -17.95 -13.96 
-21.93 -19.94 -13.96   0.00 

Iterate No.106
  0.00 -13.96 -19.94 -21.94 
-13.96 -17.95 -19.94 -19.94 
-19.94 -19.94 -17.95 -13.96 
-21.94 -19.94 -13.96   0.00 

Iterate No.107
  0.00 -13.96 -19.95 -21.94 
-13.96 -17.95 -19.95 -19.95 
-19.95 -19.95 -17.95 -13.96 
-21.94 -19.95 -13.96   0.00 

Iterate No.108
  0.00 -13.96 -19.95 -21.94 
-13.96 -17.95 -19.95 -19.95 
-19.95 -19.95 -17.95 -13.96 
-21.94 -19.95 -13.96   0.00 

Iterate No.109
  0.00 -13.97 -19.95 -21.94 
-13.97 -17.96 -19.95 -19.95 
-19.95 -19.95 -17.96 -13.97 
-21.94 -19.95 -13.97   0.00 

Iterate No.110
  0.00 -13.97 -19.95 -21.95 
-13.97 -17.96 -19.95 -19.95 
-19.95 -19.95 -17.96 -13.97 
-21.95 -19.95 -13.97   0.00 

Iterate No.111
  0.00 -13.97 -19.96 -21.95 
-13.97 -17.96 -19.96 -19.96 
-19.96 -19.96 -17.96 -13.97 
-21.95 -19.96 -13.97   0.00 

Iterate No.112
  0.00 -13.97 -19.96 -21.95 
-13.97 -17.96 -19.96 -19.96 
-19.96 -19.96 -17.96 -13.97 
-21.95 -19.96 -13.97   0.00 

Iterate No.113
  0.00 -13.97 -19.96 -21.96 
-13.97 -17.97 -19.96 -19.96 
-19.96 -19.96 -17.97 -13.97 
-21.96 -19.96 -13.97   0.00 

Iterate No.114
  0.00 -13.97 -19.96 -21.96 
-13.97 -17.97 -19.96 -19.96 
-19.96 -19.96 -17.97 -13.97 
-21.96 -19.96 -13.97   0.00 

Iterate No.115
  0.00 -13.98 -19.96 -21.96 
-13.98 -17.97 -19.96 -19.96 
-19.96 -19.96 -17.97 -13.98 
-21.96 -19.96 -13.98   0.00 

Iterate No.116
  0.00 -13.98 -19.97 -21.96 
-13.98 -17.97 -19.97 -19.97 
-19.97 -19.97 -17.97 -13.98 
-21.96 -19.97 -13.98   0.00 

Iterate No.117
  0.00 -13.98 -19.97 -21.96 
-13.98 -17.97 -19.97 -19.97 
-19.97 -19.97 -17.97 -13.98 
-21.96 -19.97 -13.98   0.00 

Iterate No.118
  0.00 -13.98 -19.97 -21.97 
-13.98 -17.97 -19.97 -19.97 
-19.97 -19.97 -17.97 -13.98 
-21.97 -19.97 -13.98   0.00 

Iterate No.119
  0.00 -13.98 -19.97 -21.97 
-13.98 -17.97 -19.97 -19.97 
-19.97 -19.97 -17.97 -13.98 
-21.97 -19.97 -13.98   0.00 

Iterate No.120
  0.00 -13.98 -19.97 -21.97 
-13.98 -17.98 -19.97 -19.97 
-19.97 -19.97 -17.98 -13.98 
-21.97 -19.97 -13.98   0.00 

Iterate No.121
  0.00 -13.98 -19.97 -21.97 
-13.98 -17.98 -19.97 -19.97 
-19.97 -19.97 -17.98 -13.98 
-21.97 -19.97 -13.98   0.00 

Iterate No.122
  0.00 -13.98 -19.98 -21.97 
-13.98 -17.98 -19.98 -19.98 
-19.98 -19.98 -17.98 -13.98 
-21.97 -19.98 -13.98   0.00 

Iterate No.123
  0.00 -13.98 -19.98 -21.97 
-13.98 -17.98 -19.98 -19.98 
-19.98 -19.98 -17.98 -13.98 
-21.97 -19.98 -13.98   0.00 

Iterate No.124
  0.00 -13.99 -19.98 -21.98 
-13.99 -17.98 -19.98 -19.98 
-19.98 -19.98 -17.98 -13.99 
-21.98 -19.98 -13.99   0.00 

Iterate No.125
  0.00 -13.99 -19.98 -21.98 
-13.99 -17.98 -19.98 -19.98 
-19.98 -19.98 -17.98 -13.99 
-21.98 -19.98 -13.99   0.00 

Iterate No.126
  0.00 -13.99 -19.98 -21.98 
-13.99 -17.98 -19.98 -19.98 
-19.98 -19.98 -17.98 -13.99 
-21.98 -19.98 -13.99   0.00 

Iterate No.127
  0.00 -13.99 -19.98 -21.98 
-13.99 -17.98 -19.98 -19.98 
-19.98 -19.98 -17.98 -13.99 
-21.98 -19.98 -13.99   0.00 

Iterate No.128
  0.00 -13.99 -19.98 -21.98 
-13.99 -17.98 -19.98 -19.98 
-19.98 -19.98 -17.98 -13.99 
-21.98 -19.98 -13.99   0.00 

Iterate No.129
  0.00 -13.99 -19.98 -21.98 
-13.99 -17.99 -19.98 -19.98 
-19.98 -19.98 -17.99 -13.99 
-21.98 -19.98 -13.99   0.00 

Iterate No.130
  0.00 -13.99 -19.98 -21.98 
-13.99 -17.99 -19.98 -19.98 
-19.98 -19.98 -17.99 -13.99 
-21.98 -19.98 -13.99   0.00 

Iterate No.131
  0.00 -13.99 -19.99 -21.98 
-13.99 -17.99 -19.99 -19.99 
-19.99 -19.99 -17.99 -13.99 
-21.98 -19.99 -13.99   0.00 

Iterate No.132
  0.00 -13.99 -19.99 -21.98 
-13.99 -17.99 -19.99 -19.99 
-19.99 -19.99 -17.99 -13.99 
-21.98 -19.99 -13.99   0.00 

Iterate No.133
  0.00 -13.99 -19.99 -21.99 
-13.99 -17.99 -19.99 -19.99 
-19.99 -19.99 -17.99 -13.99 
-21.99 -19.99 -13.99   0.00 

Iterate No.134
  0.00 -13.99 -19.99 -21.99 
-13.99 -17.99 -19.99 -19.99 
-19.99 -19.99 -17.99 -13.99 
-21.99 -19.99 -13.99   0.00 

Iterate No.135
  0.00 -13.99 -19.99 -21.99 
-13.99 -17.99 -19.99 -19.99 
-19.99 -19.99 -17.99 -13.99 
-21.99 -19.99 -13.99   0.00 

Iterate No.136
  0.00 -13.99 -19.99 -21.99 
-13.99 -17.99 -19.99 -19.99 
-19.99 -19.99 -17.99 -13.99 
-21.99 -19.99 -13.99   0.00 

Iterate No.137
  0.00 -13.99 -19.99 -21.99 
-13.99 -17.99 -19.99 -19.99 
-19.99 -19.99 -17.99 -13.99 
-21.99 -19.99 -13.99   0.00 

Iterate No.138
  0.00 -13.99 -19.99 -21.99 
-13.99 -17.99 -19.99 -19.99 
-19.99 -19.99 -17.99 -13.99 
-21.99 -19.99 -13.99   0.00 

Iterate No.139
  0.00 -13.99 -19.99 -21.99 
-13.99 -17.99 -19.99 -19.99 
-19.99 -19.99 -17.99 -13.99 
-21.99 -19.99 -13.99   0.00 

Iterate No.140
  0.00 -13.99 -19.99 -21.99 
-13.99 -17.99 -19.99 -19.99 
-19.99 -19.99 -17.99 -13.99 
-21.99 -19.99 -13.99   0.00 

Iterate No.141
  0.00 -13.99 -19.99 -21.99 
-13.99 -17.99 -19.99 -19.99 
-19.99 -19.99 -17.99 -13.99 
-21.99 -19.99 -13.99   0.00 

Iterate No.142
  0.00 -13.99 -19.99 -21.99 
-13.99 -17.99 -19.99 -19.99 
-19.99 -19.99 -17.99 -13.99 
-21.99 -19.99 -13.99   0.00 

Iterate No.143
  0.00 -13.99 -19.99 -21.99 
-13.99 -17.99 -19.99 -19.99 
-19.99 -19.99 -17.99 -13.99 
-21.99 -19.99 -13.99   0.00 

Iterate No.144
  0.00 -14.00 -19.99 -21.99 
-14.00 -17.99 -19.99 -19.99 
-19.99 -19.99 -17.99 -14.00 
-21.99 -19.99 -14.00   0.00 

Iterate No.145
  0.00 -14.00 -19.99 -21.99 
-14.00 -17.99 -19.99 -19.99 
-19.99 -19.99 -17.99 -14.00 
-21.99 -19.99 -14.00   0.00 

Iterate No.146
  0.00 -14.00 -19.99 -21.99 
-14.00 -17.99 -19.99 -19.99 
-19.99 -19.99 -17.99 -14.00 
-21.99 -19.99 -14.00   0.00 

Iterate No.147
  0.00 -14.00 -19.99 -21.99 
-14.00 -17.99 -19.99 -19.99 
-19.99 -19.99 -17.99 -14.00 
-21.99 -19.99 -14.00   0.00 

Iterate No.148
  0.00 -14.00 -19.99 -21.99 
-14.00 -17.99 -19.99 -19.99 
-19.99 -19.99 -17.99 -14.00 
-21.99 -19.99 -14.00   0.00 

Iterate No.149
  0.00 -14.00 -19.99 -21.99 
-14.00 -18.00 -19.99 -19.99 
-19.99 -19.99 -18.00 -14.00 
-21.99 -19.99 -14.00   0.00 

Iterate No.150
  0.00 -14.00 -19.99 -21.99 
-14.00 -18.00 -19.99 -19.99 
-19.99 -19.99 -18.00 -14.00 
-21.99 -19.99 -14.00   0.00 

Iterate No.151
  0.00 -14.00 -20.00 -21.99 
-14.00 -18.00 -20.00 -20.00 
-20.00 -20.00 -18.00 -14.00 
-21.99 -20.00 -14.00   0.00 

Iterate No.152
  0.00 -14.00 -20.00 -21.99 
-14.00 -18.00 -20.00 -20.00 
-20.00 -20.00 -18.00 -14.00 
-21.99 -20.00 -14.00   0.00 

Iterate No.153
  0.00 -14.00 -20.00 -22.00 
-14.00 -18.00 -20.00 -20.00 
-20.00 -20.00 -18.00 -14.00 
-22.00 -20.00 -14.00   0.00 

Iterate No.154
  0.00 -14.00 -20.00 -22.00 
-14.00 -18.00 -20.00 -20.00 
-20.00 -20.00 -18.00 -14.00 
-22.00 -20.00 -14.00   0.00 

Iterate No.155
  0.00 -14.00 -20.00 -22.00 
-14.00 -18.00 -20.00 -20.00 
-20.00 -20.00 -18.00 -14.00 
-22.00 -20.00 -14.00   0.00 

Iterate No.156
  0.00 -14.00 -20.00 -22.00 
-14.00 -18.00 -20.00 -20.00 
-20.00 -20.00 -18.00 -14.00 
-22.00 -20.00 -14.00   0.00 

Iterate No.157
  0.00 -14.00 -20.00 -22.00 
-14.00 -18.00 -20.00 -20.00 
-20.00 -20.00 -18.00 -14.00 
-22.00 -20.00 -14.00   0.00 

Iterate No.158
  0.00 -14.00 -20.00 -22.00 
-14.00 -18.00 -20.00 -20.00 
-20.00 -20.00 -18.00 -14.00 
-22.00 -20.00 -14.00   0.00 

Iterate No.159
  0.00 -14.00 -20.00 -22.00 
-14.00 -18.00 -20.00 -20.00 
-20.00 -20.00 -18.00 -14.00 
-22.00 -20.00 -14.00   0.00 

Iterate No.160
  0.00 -14.00 -20.00 -22.00 
-14.00 -18.00 -20.00 -20.00 
-20.00 -20.00 -18.00 -14.00 
-22.00 -20.00 -14.00   0.00 

  0.00 -14.00 -20.00 -22.00 
-14.00 -18.00 -20.00 -20.00 
-20.00 -20.00 -18.00 -14.00 
-22.00 -20.00 -14.00   0.00 
</code></pre><script>
        document.querySelectorAll('.github-emoji')
          .forEach(el => {
            if (!el.dataset.src) { return; }
            const img = document.createElement('img');
            img.style = 'display:none !important;';
            img.src = el.dataset.src;
            img.addEventListener('error', () => {
              img.remove();
              el.style.color = 'inherit';
              el.style.backgroundImage = 'none';
              el.style.background = 'none';
            });
            img.addEventListener('load', () => {
              img.remove();
            });
            document.body.appendChild(img);
          });
      </script>
            </div>
            <hr/>

            

    <div class="reprint" id="reprint-statement">
        
            <div class="reprint__author">
                <span class="reprint-meta" style="font-weight: bold;">
                    <i class="fas fa-user">
                        文章作者:
                    </i>
                </span>
                <span class="reprint-info">
                    <a href="/about" rel="external nofollow noreferrer">Tolshao</a>
                </span>
            </div>
            <div class="reprint__type">
                <span class="reprint-meta" style="font-weight: bold;">
                    <i class="fas fa-link">
                        文章链接:
                    </i>
                </span>
                <span class="reprint-info">
                    <a href="https://tolshao.now.sh/posts/rl-practice-1/">https://tolshao.now.sh/posts/rl-practice-1/</a>
                </span>
            </div>
            <div class="reprint__notice">
                <span class="reprint-meta" style="font-weight: bold;">
                    <i class="fas fa-copyright">
                        版权声明:
                    </i>
                </span>
                <span class="reprint-info">
                    本博客所有文章除特別声明外，均采用
